Solution no.1:
Step no.1: ((m 1 2)(3 4 5))
Step no.2: ((3 1 2)(m 4 5))
Step no.3: ((3 1 2)(4 m 5))
Step no.4: ((3 m 2)(4 1 5))
Step no.5: ((3 2 m)(4 1 5))
Step no.6: ((3 2 5)(4 1 m))
Step no.7: ((3 2 5)(4 m 1))
Step no.8: ((3 2 5)(m 4 1))
Step no.9: ((m 2 5)(3 4 1))
Step no.10: ((2 m 5)(3 4 1))
Step no.11: ((2 4 5)(3 m 1))
Step no.12: ((2 4 5)(3 1 m))
Step no.13: ((2 4 m)(3 1 5))
Step no.14: ((2 m 4)(3 1 5))
Step no.15: ((m 2 4)(3 1 5))
Step no.16: ((3 2 4)(m 1 5))
Step no.17: ((3 2 4)(1 m 5))
Step no.18: ((3 m 4)(1 2 5))
Step no.19: ((3 4 m)(1 2 5))
Step no.20: ((3 4 5)(1 2 m))
Step no.21: ((3 4 5)(1 m 2))
Step no.22: ((3 4 5)(m 1 2))
Run time = 3ms

Solution no.2:
Step no.1: ((m 1 2 3)(4 5 6 7))
Step no.2: ((4 1 2 3)(m 5 6 7))
Step no.3: ((4 1 2 3)(5 m 6 7))
Step no.4: ((4 m 2 3)(5 1 6 7))
Step no.5: ((m 4 2 3)(5 1 6 7))
Step no.6: ((5 4 2 3)(m 1 6 7))
Step no.7: ((5 4 2 3)(1 m 6 7))
Step no.8: ((5 4 2 3)(1 6 m 7))
Step no.9: ((5 4 m 3)(1 6 2 7))
Step no.10: ((5 m 4 3)(1 6 2 7))
Step no.11: ((5 6 4 3)(1 m 2 7))
Step no.12: ((5 6 4 3)(1 2 m 7))
Step no.13: ((5 6 4 3)(1 2 7 m))
Step no.14: ((5 6 4 m)(1 2 7 3))
Step no.15: ((5 6 m 4)(1 2 7 3))
Step no.16: ((5 m 6 4)(1 2 7 3))
Step no.17: ((5 2 6 4)(1 m 7 3))
Step no.18: ((5 2 6 4)(1 7 m 3))
Step no.19: ((5 2 m 4)(1 7 6 3))
Step no.20: ((5 m 2 4)(1 7 6 3))
Step no.21: ((m 5 2 4)(1 7 6 3))
Step no.22: ((1 5 2 4)(m 7 6 3))
Step no.23: ((1 5 2 4)(7 m 6 3))
Step no.24: ((1 5 2 4)(7 6 m 3))
Step no.25: ((1 5 m 4)(7 6 2 3))
Step no.26: ((1 m 5 4)(7 6 2 3))
Step no.27: ((m 1 5 4)(7 6 2 3))
Step no.28: ((7 1 5 4)(m 6 2 3))
Step no.29: ((7 1 5 4)(6 m 2 3))
Step no.30: ((7 m 5 4)(6 1 2 3))
Step no.31: ((7 5 m 4)(6 1 2 3))
Step no.32: ((7 5 2 4)(6 1 m 3))
Step no.33: ((7 5 2 4)(6 m 1 3))
Step no.34: ((7 m 2 4)(6 5 1 3))
Step no.35: ((7 2 m 4)(6 5 1 3))
Step no.36: ((7 2 1 4)(6 5 m 3))
Step no.37: ((7 2 1 4)(6 m 5 3))
Step no.38: ((7 2 1 4)(m 6 5 3))
Step no.39: ((m 2 1 4)(7 6 5 3))
Step no.40: ((2 m 1 4)(7 6 5 3))
Step no.41: ((2 1 m 4)(7 6 5 3))
Step no.42: ((2 1 5 4)(7 6 m 3))
Step no.43: ((2 1 5 4)(7 6 3 m))
Step no.44: ((2 1 5 m)(7 6 3 4))
Step no.45: ((2 1 m 5)(7 6 3 4))
Step no.46: ((2 m 1 5)(7 6 3 4))
Step no.47: ((2 6 1 5)(7 m 3 4))
Step no.48: ((2 6 1 5)(7 3 m 4))
Step no.49: ((2 6 m 5)(7 3 1 4))
Step no.50: ((2 6 5 m)(7 3 1 4))
Step no.51: ((2 6 5 4)(7 3 1 m))
Step no.52: ((2 6 5 4)(7 3 m 1))
Step no.53: ((2 6 5 4)(7 m 3 1))
Step no.54: ((2 m 5 4)(7 6 3 1))
Step no.55: ((m 2 5 4)(7 6 3 1))
Step no.56: ((7 2 5 4)(m 6 3 1))
Step no.57: ((7 2 5 4)(6 m 3 1))
Step no.58: ((7 2 5 4)(6 3 m 1))
Step no.59: ((7 2 m 4)(6 3 5 1))
Step no.60: ((7 m 2 4)(6 3 5 1))
Step no.61: ((7 3 2 4)(6 m 5 1))
Step no.62: ((7 3 2 4)(m 6 5 1))
Step no.63: ((m 3 2 4)(7 6 5 1))
Step no.64: ((3 m 2 4)(7 6 5 1))
Step no.65: ((3 2 m 4)(7 6 5 1))
Step no.66: ((3 2 5 4)(7 6 m 1))
Step no.67: ((3 2 5 4)(7 6 1 m))
Run time = 6ms

Solution no.3:
Step no.1: ((m 1 2)(3 4 5)(6 7 8))
Step no.2: ((1 m 2)(3 4 5)(6 7 8))
Step no.3: ((1 2 m)(3 4 5)(6 7 8))
Step no.4: ((1 2 5)(3 4 m)(6 7 8))
Step no.5: ((1 2 5)(3 4 8)(6 7 m))
Step no.6: ((1 2 5)(3 4 8)(6 m 7))
Step no.7: ((1 2 5)(3 4 8)(m 6 7))
Step no.8: ((1 2 5)(m 4 8)(3 6 7))
Step no.9: ((m 2 5)(1 4 8)(3 6 7))
Step no.10: ((2 m 5)(1 4 8)(3 6 7))
Step no.11: ((2 5 m)(1 4 8)(3 6 7))
Step no.12: ((2 5 8)(1 4 m)(3 6 7))
Step no.13: ((2 5 8)(1 4 7)(3 6 m))
Step no.14: ((2 5 8)(1 4 7)(3 m 6))
Step no.15: ((2 5 8)(1 4 7)(m 3 6))
Step no.16: ((2 5 8)(m 4 7)(1 3 6))
Step no.17: ((m 5 8)(2 4 7)(1 3 6))
Step no.18: ((5 m 8)(2 4 7)(1 3 6))
Step no.19: ((5 8 m)(2 4 7)(1 3 6))
Step no.20: ((5 8 7)(2 4 m)(1 3 6))
Step no.21: ((5 8 7)(2 4 6)(1 3 m))
Step no.22: ((5 8 7)(2 4 6)(1 m 3))
Step no.23: ((5 8 7)(2 4 6)(m 1 3))
Step no.24: ((5 8 7)(m 4 6)(2 1 3))
Step no.25: ((m 8 7)(5 4 6)(2 1 3))
Step no.26: ((8 m 7)(5 4 6)(2 1 3))
Step no.27: ((8 7 m)(5 4 6)(2 1 3))
Step no.28: ((8 7 6)(5 4 m)(2 1 3))
Step no.29: ((8 7 6)(5 4 3)(2 1 m))
Step no.30: ((8 7 6)(5 4 3)(2 m 1))
Step no.31: ((8 7 6)(5 m 3)(2 4 1))
Step no.32: ((8 m 6)(5 7 3)(2 4 1))
Step no.33: ((8 6 m)(5 7 3)(2 4 1))
Step no.34: ((8 6 3)(5 7 m)(2 4 1))
Step no.35: ((8 6 3)(5 m 7)(2 4 1))
Step no.36: ((8 6 3)(5 4 7)(2 m 1))
Step no.37: ((8 6 3)(5 4 7)(2 1 m))
Step no.38: ((8 6 3)(5 4 m)(2 1 7))
Step no.39: ((8 6 m)(5 4 3)(2 1 7))
Step no.40: ((8 m 6)(5 4 3)(2 1 7))
Step no.41: ((8 4 6)(5 m 3)(2 1 7))
Step no.42: ((8 4 6)(5 3 m)(2 1 7))
Step no.43: ((8 4 6)(5 3 7)(2 1 m))
Step no.44: ((8 4 6)(5 3 7)(2 m 1))
Step no.45: ((8 4 6)(5 m 7)(2 3 1))
Step no.46: ((8 m 6)(5 4 7)(2 3 1))
Run time = 1ms

Solution no.4:
Step no.1: ((m 1 2 3 4)(5 6 7 8 9))
Step no.2: ((1 m 2 3 4)(5 6 7 8 9))
Step no.3: ((1 6 2 3 4)(5 m 7 8 9))
Step no.4: ((1 6 2 3 4)(5 7 m 8 9))
Step no.5: ((1 6 2 3 4)(5 7 8 m 9))
Step no.6: ((1 6 2 m 4)(5 7 8 3 9))
Step no.7: ((1 6 m 2 4)(5 7 8 3 9))
Step no.8: ((1 m 6 2 4)(5 7 8 3 9))
Step no.9: ((1 7 6 2 4)(5 m 8 3 9))
Step no.10: ((1 7 6 2 4)(5 8 m 3 9))
Step no.11: ((1 7 6 2 4)(5 8 3 m 9))
Step no.12: ((1 7 6 m 4)(5 8 3 2 9))
Step no.13: ((1 7 m 6 4)(5 8 3 2 9))
Step no.14: ((1 m 7 6 4)(5 8 3 2 9))
Step no.15: ((1 8 7 6 4)(5 m 3 2 9))
Step no.16: ((1 8 7 6 4)(5 3 m 2 9))
Step no.17: ((1 8 m 6 4)(5 3 7 2 9))
Step no.18: ((1 m 8 6 4)(5 3 7 2 9))
Step no.19: ((1 3 8 6 4)(5 m 7 2 9))
Step no.20: ((1 3 8 6 4)(m 5 7 2 9))
Step no.21: ((m 3 8 6 4)(1 5 7 2 9))
Step no.22: ((3 m 8 6 4)(1 5 7 2 9))
Step no.23: ((3 8 m 6 4)(1 5 7 2 9))
Step no.24: ((3 8 7 6 4)(1 5 m 2 9))
Step no.25: ((3 8 7 6 4)(1 m 5 2 9))
Step no.26: ((3 m 7 6 4)(1 8 5 2 9))
Step no.27: ((m 3 7 6 4)(1 8 5 2 9))
Step no.28: ((1 3 7 6 4)(m 8 5 2 9))
Step no.29: ((1 3 7 6 4)(8 m 5 2 9))
Step no.30: ((1 3 7 6 4)(8 5 m 2 9))
Step no.31: ((1 3 m 6 4)(8 5 7 2 9))
Step no.32: ((1 3 6 m 4)(8 5 7 2 9))
Step no.33: ((1 3 6 2 4)(8 5 7 m 9))
Step no.34: ((1 3 6 2 4)(8 5 7 9 m))
Step no.35: ((1 3 6 2 m)(8 5 7 9 4))
Step no.36: ((1 3 6 m 2)(8 5 7 9 4))
Step no.37: ((1 3 m 6 2)(8 5 7 9 4))
Step no.38: ((1 3 7 6 2)(8 5 m 9 4))
Step no.39: ((1 3 7 6 2)(8 5 9 m 4))
Step no.40: ((1 3 7 m 2)(8 5 9 6 4))
Step no.41: ((1 3 7 2 m)(8 5 9 6 4))
Step no.42: ((1 3 7 2 4)(8 5 9 6 m))
Step no.43: ((1 3 7 2 4)(8 5 9 m 6))
Step no.44: ((1 3 7 2 4)(8 5 m 9 6))
Step no.45: ((1 3 m 2 4)(8 5 7 9 6))
Step no.46: ((1 3 2 m 4)(8 5 7 9 6))
Step no.47: ((1 3 2 4 m)(8 5 7 9 6))
Step no.48: ((1 3 2 4 6)(8 5 7 9 m))
Step no.49: ((1 3 2 4 6)(8 5 7 m 9))
Step no.50: ((1 3 2 4 6)(8 5 m 7 9))
Step no.51: ((1 3 2 4 6)(8 m 5 7 9))
Step no.52: ((1 m 2 4 6)(8 3 5 7 9))
Step no.53: ((1 2 m 4 6)(8 3 5 7 9))
Step no.54: ((1 2 4 m 6)(8 3 5 7 9))
Step no.55: ((1 2 4 7 6)(8 3 5 m 9))
Step no.56: ((1 2 4 7 6)(8 3 m 5 9))
Step no.57: ((1 2 m 7 6)(8 3 4 5 9))
Step no.58: ((1 m 2 7 6)(8 3 4 5 9))
Step no.59: ((1 3 2 7 6)(8 m 4 5 9))
Step no.60: ((1 3 2 7 6)(8 4 m 5 9))
Step no.61: ((1 3 m 7 6)(8 4 2 5 9))
Step no.62: ((1 m 3 7 6)(8 4 2 5 9))
Step no.63: ((1 4 3 7 6)(8 m 2 5 9))
Step no.64: ((1 4 3 7 6)(m 8 2 5 9))
Step no.65: ((m 4 3 7 6)(1 8 2 5 9))
Step no.66: ((4 m 3 7 6)(1 8 2 5 9))
Step no.67: ((4 3 m 7 6)(1 8 2 5 9))
Step no.68: ((4 3 2 7 6)(1 8 m 5 9))
Step no.69: ((4 3 2 7 6)(1 m 8 5 9))
Step no.70: ((4 3 2 7 6)(m 1 8 5 9))
Step no.71: ((m 3 2 7 6)(4 1 8 5 9))
Step no.72: ((3 m 2 7 6)(4 1 8 5 9))
Step no.73: ((3 1 2 7 6)(4 m 8 5 9))
Step no.74: ((3 1 2 7 6)(4 8 m 5 9))
Step no.75: ((3 1 m 7 6)(4 8 2 5 9))
Step no.76: ((3 m 1 7 6)(4 8 2 5 9))
Step no.77: ((m 3 1 7 6)(4 8 2 5 9))
Step no.78: ((4 3 1 7 6)(m 8 2 5 9))
Step no.79: ((4 3 1 7 6)(8 m 2 5 9))
Step no.80: ((4 3 1 7 6)(8 2 m 5 9))
Step no.81: ((4 3 1 7 6)(8 2 5 m 9))
Step no.82: ((4 3 1 m 6)(8 2 5 7 9))
Step no.83: ((4 3 m 1 6)(8 2 5 7 9))
Step no.84: ((4 3 5 1 6)(8 2 m 7 9))
Step no.85: ((4 3 5 1 6)(8 2 7 m 9))
Step no.86: ((4 3 5 1 6)(8 2 7 9 m))
Step no.87: ((4 3 5 1 m)(8 2 7 9 6))
Step no.88: ((4 3 5 m 1)(8 2 7 9 6))
Step no.89: ((4 3 m 5 1)(8 2 7 9 6))
Step no.90: ((4 3 7 5 1)(8 2 m 9 6))
Step no.91: ((4 3 7 5 1)(8 2 9 m 6))
Step no.92: ((4 3 7 m 1)(8 2 9 5 6))
Step no.93: ((4 3 m 7 1)(8 2 9 5 6))
Step no.94: ((4 3 9 7 1)(8 2 m 5 6))
Step no.95: ((4 3 9 7 1)(8 m 2 5 6))
Step no.96: ((4 3 9 7 1)(m 8 2 5 6))
Step no.97: ((m 3 9 7 1)(4 8 2 5 6))
Step no.98: ((3 m 9 7 1)(4 8 2 5 6))
Step no.99: ((3 9 m 7 1)(4 8 2 5 6))
Step no.100: ((3 9 2 7 1)(4 8 m 5 6))
Step no.101: ((3 9 2 7 1)(4 m 8 5 6))
Step no.102: ((3 m 2 7 1)(4 9 8 5 6))
Step no.103: ((m 3 2 7 1)(4 9 8 5 6))
Step no.104: ((4 3 2 7 1)(m 9 8 5 6))
Step no.105: ((4 3 2 7 1)(9 m 8 5 6))
Step no.106: ((4 3 2 7 1)(9 8 m 5 6))
Step no.107: ((4 3 2 7 1)(9 8 5 m 6))
Step no.108: ((4 3 2 7 1)(9 8 5 6 m))
Step no.109: ((4 3 2 7 m)(9 8 5 6 1))
Step no.110: ((4 3 2 m 7)(9 8 5 6 1))
Step no.111: ((4 3 2 6 7)(9 8 5 m 1))
Step no.112: ((4 3 2 6 7)(9 8 m 5 1))
Step no.113: ((4 3 m 6 7)(9 8 2 5 1))
Step no.114: ((4 3 6 m 7)(9 8 2 5 1))
Step no.115: ((4 3 6 7 m)(9 8 2 5 1))
Step no.116: ((4 3 6 7 1)(9 8 2 5 m))
Step no.117: ((4 3 6 7 1)(9 8 2 m 5))
Step no.118: ((4 3 6 m 1)(9 8 2 7 5))
Step no.119: ((4 3 m 6 1)(9 8 2 7 5))
Step no.120: ((4 3 2 6 1)(9 8 m 7 5))
Step no.121: ((4 3 2 6 1)(9 8 7 m 5))
Step no.122: ((4 3 2 6 1)(9 8 7 5 m))
Run time = 60ms

Solution no.5:
Step no.1: ((m 1 2 3)(4 5 6 7)(8 9 10 11))
Step no.2: ((1 m 2 3)(4 5 6 7)(8 9 10 11))
Step no.3: ((1 2 m 3)(4 5 6 7)(8 9 10 11))
Step no.4: ((1 2 3 m)(4 5 6 7)(8 9 10 11))
Step no.5: ((1 2 3 7)(4 5 6 m)(8 9 10 11))
Step no.6: ((1 2 3 7)(4 5 6 11)(8 9 10 m))
Step no.7: ((1 2 3 7)(4 5 6 11)(8 9 m 10))
Step no.8: ((1 2 3 7)(4 5 6 11)(8 m 9 10))
Step no.9: ((1 2 3 7)(4 m 6 11)(8 5 9 10))
Step no.10: ((1 2 3 7)(4 6 m 11)(8 5 9 10))
Step no.11: ((1 2 3 7)(4 6 11 m)(8 5 9 10))
Step no.12: ((1 2 3 m)(4 6 11 7)(8 5 9 10))
Step no.13: ((1 2 m 3)(4 6 11 7)(8 5 9 10))
Step no.14: ((1 m 2 3)(4 6 11 7)(8 5 9 10))
Step no.15: ((m 1 2 3)(4 6 11 7)(8 5 9 10))
Step no.16: ((4 1 2 3)(m 6 11 7)(8 5 9 10))
Step no.17: ((4 1 2 3)(6 m 11 7)(8 5 9 10))
Step no.18: ((4 1 2 3)(6 5 11 7)(8 m 9 10))
Step no.19: ((4 1 2 3)(6 5 11 7)(m 8 9 10))
Step no.20: ((4 1 2 3)(m 5 11 7)(6 8 9 10))
Step no.21: ((m 1 2 3)(4 5 11 7)(6 8 9 10))
Step no.22: ((1 m 2 3)(4 5 11 7)(6 8 9 10))
Step no.23: ((1 2 m 3)(4 5 11 7)(6 8 9 10))
Step no.24: ((1 2 11 3)(4 5 m 7)(6 8 9 10))
Step no.25: ((1 2 11 3)(4 m 5 7)(6 8 9 10))
Step no.26: ((1 2 11 3)(m 4 5 7)(6 8 9 10))
Step no.27: ((1 2 11 3)(6 4 5 7)(m 8 9 10))
Step no.28: ((1 2 11 3)(6 4 5 7)(8 m 9 10))
Step no.29: ((1 2 11 3)(6 4 5 7)(8 9 m 10))
Step no.30: ((1 2 11 3)(6 4 5 7)(8 9 10 m))
Step no.31: ((1 2 11 3)(6 4 5 m)(8 9 10 7))
Step no.32: ((1 2 11 3)(6 4 m 5)(8 9 10 7))
Step no.33: ((1 2 11 3)(6 m 4 5)(8 9 10 7))
Step no.34: ((1 m 11 3)(6 2 4 5)(8 9 10 7))
Step no.35: ((1 11 m 3)(6 2 4 5)(8 9 10 7))
Step no.36: ((1 11 3 m)(6 2 4 5)(8 9 10 7))
Step no.37: ((1 11 3 5)(6 2 4 m)(8 9 10 7))
Step no.38: ((1 11 3 5)(6 2 m 4)(8 9 10 7))
Step no.39: ((1 11 3 5)(6 m 2 4)(8 9 10 7))
Step no.40: ((1 m 3 5)(6 11 2 4)(8 9 10 7))
Step no.41: ((1 3 m 5)(6 11 2 4)(8 9 10 7))
Step no.42: ((1 3 2 5)(6 11 m 4)(8 9 10 7))
Step no.43: ((1 3 2 5)(6 11 10 4)(8 9 m 7))
Step no.44: ((1 3 2 5)(6 11 10 4)(8 m 9 7))
Step no.45: ((1 3 2 5)(6 11 10 4)(m 8 9 7))
Step no.46: ((1 3 2 5)(m 11 10 4)(6 8 9 7))
Step no.47: ((1 3 2 5)(11 m 10 4)(6 8 9 7))
Step no.48: ((1 3 2 5)(11 10 m 4)(6 8 9 7))
Step no.49: ((1 3 2 5)(11 10 9 4)(6 8 m 7))
Step no.50: ((1 3 2 5)(11 10 9 4)(6 m 8 7))
Step no.51: ((1 3 2 5)(11 m 9 4)(6 10 8 7))
Step no.52: ((1 m 2 5)(11 3 9 4)(6 10 8 7))
Step no.53: ((1 2 m 5)(11 3 9 4)(6 10 8 7))
Step no.54: ((1 2 5 m)(11 3 9 4)(6 10 8 7))
Step no.55: ((1 2 5 4)(11 3 9 m)(6 10 8 7))
Step no.56: ((1 2 5 4)(11 3 9 7)(6 10 8 m))
Step no.57: ((1 2 5 4)(11 3 9 7)(6 10 m 8))
Step no.58: ((1 2 5 4)(11 3 m 7)(6 10 9 8))
Step no.59: ((1 2 5 4)(11 3 7 m)(6 10 9 8))
Step no.60: ((1 2 5 m)(11 3 7 4)(6 10 9 8))
Step no.61: ((1 2 m 5)(11 3 7 4)(6 10 9 8))
Step no.62: ((1 m 2 5)(11 3 7 4)(6 10 9 8))
Step no.63: ((m 1 2 5)(11 3 7 4)(6 10 9 8))
Step no.64: ((11 1 2 5)(m 3 7 4)(6 10 9 8))
Step no.65: ((11 1 2 5)(3 m 7 4)(6 10 9 8))
Step no.66: ((11 1 2 5)(3 7 m 4)(6 10 9 8))
Step no.67: ((11 1 m 5)(3 7 2 4)(6 10 9 8))
Step no.68: ((11 m 1 5)(3 7 2 4)(6 10 9 8))
Step no.69: ((m 11 1 5)(3 7 2 4)(6 10 9 8))
Step no.70: ((3 11 1 5)(m 7 2 4)(6 10 9 8))
Step no.71: ((3 11 1 5)(7 m 2 4)(6 10 9 8))
Step no.72: ((3 11 1 5)(7 2 m 4)(6 10 9 8))
Step no.73: ((3 11 1 5)(7 2 9 4)(6 10 m 8))
Step no.74: ((3 11 1 5)(7 2 9 4)(6 m 10 8))
Step no.75: ((3 11 1 5)(7 2 9 4)(m 6 10 8))
Step no.76: ((3 11 1 5)(m 2 9 4)(7 6 10 8))
Step no.77: ((m 11 1 5)(3 2 9 4)(7 6 10 8))
Step no.78: ((11 m 1 5)(3 2 9 4)(7 6 10 8))
Step no.79: ((11 2 1 5)(3 m 9 4)(7 6 10 8))
Step no.80: ((11 2 1 5)(3 6 9 4)(7 m 10 8))
Step no.81: ((11 2 1 5)(3 6 9 4)(7 10 m 8))
Step no.82: ((11 2 1 5)(3 6 m 4)(7 10 9 8))
Step no.83: ((11 2 m 5)(3 6 1 4)(7 10 9 8))
Step no.84: ((11 2 5 m)(3 6 1 4)(7 10 9 8))
Step no.85: ((11 2 5 4)(3 6 1 m)(7 10 9 8))
Step no.86: ((11 2 5 4)(3 6 m 1)(7 10 9 8))
Step no.87: ((11 2 m 4)(3 6 5 1)(7 10 9 8))
Step no.88: ((11 m 2 4)(3 6 5 1)(7 10 9 8))
Step no.89: ((11 6 2 4)(3 m 5 1)(7 10 9 8))
Step no.90: ((11 6 2 4)(3 5 m 1)(7 10 9 8))
Step no.91: ((11 6 2 4)(3 5 1 m)(7 10 9 8))
Step no.92: ((11 6 2 m)(3 5 1 4)(7 10 9 8))
Step no.93: ((11 6 m 2)(3 5 1 4)(7 10 9 8))
Step no.94: ((11 6 1 2)(3 5 m 4)(7 10 9 8))
Step no.95: ((11 6 1 2)(3 m 5 4)(7 10 9 8))
Step no.96: ((11 m 1 2)(3 6 5 4)(7 10 9 8))
Step no.97: ((m 11 1 2)(3 6 5 4)(7 10 9 8))
Step no.98: ((3 11 1 2)(m 6 5 4)(7 10 9 8))
Step no.99: ((3 11 1 2)(6 m 5 4)(7 10 9 8))
Step no.100: ((3 m 1 2)(6 11 5 4)(7 10 9 8))
Step no.101: ((3 1 m 2)(6 11 5 4)(7 10 9 8))
Step no.102: ((3 1 2 m)(6 11 5 4)(7 10 9 8))
Step no.103: ((3 1 2 4)(6 11 5 m)(7 10 9 8))
Step no.104: ((3 1 2 4)(6 11 m 5)(7 10 9 8))
Step no.105: ((3 1 m 4)(6 11 2 5)(7 10 9 8))
Step no.106: ((3 m 1 4)(6 11 2 5)(7 10 9 8))
Step no.107: ((3 11 1 4)(6 m 2 5)(7 10 9 8))
Step no.108: ((3 11 1 4)(6 2 m 5)(7 10 9 8))
Step no.109: ((3 11 1 4)(6 2 5 m)(7 10 9 8))
Step no.110: ((3 11 1 m)(6 2 5 4)(7 10 9 8))
Step no.111: ((3 11 m 1)(6 2 5 4)(7 10 9 8))
Step no.112: ((3 m 11 1)(6 2 5 4)(7 10 9 8))
Step no.113: ((3 2 11 1)(6 m 5 4)(7 10 9 8))
Step no.114: ((3 2 11 1)(m 6 5 4)(7 10 9 8))
Step no.115: ((m 2 11 1)(3 6 5 4)(7 10 9 8))
Step no.116: ((2 m 11 1)(3 6 5 4)(7 10 9 8))
Step no.117: ((2 11 m 1)(3 6 5 4)(7 10 9 8))
Step no.118: ((2 11 5 1)(3 6 m 4)(7 10 9 8))
Step no.119: ((2 11 5 1)(3 m 6 4)(7 10 9 8))
Step no.120: ((2 m 5 1)(3 11 6 4)(7 10 9 8))
Step no.121: ((m 2 5 1)(3 11 6 4)(7 10 9 8))
Step no.122: ((3 2 5 1)(m 11 6 4)(7 10 9 8))
Step no.123: ((3 2 5 1)(11 m 6 4)(7 10 9 8))
Step no.124: ((3 2 5 1)(11 6 m 4)(7 10 9 8))
Step no.125: ((3 2 m 1)(11 6 5 4)(7 10 9 8))
Step no.126: ((3 2 1 m)(11 6 5 4)(7 10 9 8))
Run time = 191ms

Solution no.6:
Step no.1: ((m 1 2 3 4 5)(6 7 8 9 10 11))
Step no.2: ((1 m 2 3 4 5)(6 7 8 9 10 11))
Step no.3: ((1 7 2 3 4 5)(6 m 8 9 10 11))
Step no.4: ((1 7 2 3 4 5)(6 8 m 9 10 11))
Step no.5: ((1 7 2 3 4 5)(6 8 9 m 10 11))
Step no.6: ((1 7 2 3 4 5)(6 8 9 10 m 11))
Step no.7: ((1 7 2 3 m 5)(6 8 9 10 4 11))
Step no.8: ((1 7 2 m 3 5)(6 8 9 10 4 11))
Step no.9: ((1 7 m 2 3 5)(6 8 9 10 4 11))
Step no.10: ((1 m 7 2 3 5)(6 8 9 10 4 11))
Step no.11: ((1 8 7 2 3 5)(6 m 9 10 4 11))
Step no.12: ((1 8 7 2 3 5)(6 9 m 10 4 11))
Step no.13: ((1 8 7 2 3 5)(6 9 10 m 4 11))
Step no.14: ((1 8 7 m 3 5)(6 9 10 2 4 11))
Step no.15: ((1 8 m 7 3 5)(6 9 10 2 4 11))
Step no.16: ((1 8 10 7 3 5)(6 9 m 2 4 11))
Step no.17: ((1 8 10 7 3 5)(6 m 9 2 4 11))
Step no.18: ((1 m 10 7 3 5)(6 8 9 2 4 11))
Step no.19: ((1 10 m 7 3 5)(6 8 9 2 4 11))
Step no.20: ((1 10 7 m 3 5)(6 8 9 2 4 11))
Step no.21: ((1 10 7 2 3 5)(6 8 9 m 4 11))
Step no.22: ((1 10 7 2 3 5)(6 8 9 4 m 11))
Step no.23: ((1 10 7 2 m 5)(6 8 9 4 3 11))
Step no.24: ((1 10 7 m 2 5)(6 8 9 4 3 11))
Step no.25: ((1 10 m 7 2 5)(6 8 9 4 3 11))
Step no.26: ((1 10 9 7 2 5)(6 8 m 4 3 11))
Step no.27: ((1 10 9 7 2 5)(6 8 4 m 3 11))
Step no.28: ((1 10 9 7 2 5)(6 8 4 3 m 11))
Step no.29: ((1 10 9 7 m 5)(6 8 4 3 2 11))
Step no.30: ((1 10 9 m 7 5)(6 8 4 3 2 11))
Step no.31: ((1 10 9 3 7 5)(6 8 4 m 2 11))
Step no.32: ((1 10 9 3 7 5)(6 8 m 4 2 11))
Step no.33: ((1 10 m 3 7 5)(6 8 9 4 2 11))
Step no.34: ((1 10 3 m 7 5)(6 8 9 4 2 11))
Step no.35: ((1 10 3 7 m 5)(6 8 9 4 2 11))
Step no.36: ((1 10 3 7 2 5)(6 8 9 4 m 11))
Step no.37: ((1 10 3 7 2 5)(6 8 9 4 11 m))
Step no.38: ((1 10 3 7 2 m)(6 8 9 4 11 5))
Step no.39: ((1 10 3 7 m 2)(6 8 9 4 11 5))
Step no.40: ((1 10 3 m 7 2)(6 8 9 4 11 5))
Step no.41: ((1 10 3 4 7 2)(6 8 9 m 11 5))
Step no.42: ((1 10 3 4 7 2)(6 8 9 11 m 5))
Step no.43: ((1 10 3 4 7 2)(6 8 9 11 5 m))
Step no.44: ((1 10 3 4 7 m)(6 8 9 11 5 2))
Step no.45: ((1 10 3 4 m 7)(6 8 9 11 5 2))
Step no.46: ((1 10 3 4 5 7)(6 8 9 11 m 2))
Step no.47: ((1 10 3 4 5 7)(6 8 9 m 11 2))
Step no.48: ((1 10 3 m 5 7)(6 8 9 4 11 2))
Step no.49: ((1 10 3 5 m 7)(6 8 9 4 11 2))
Step no.50: ((1 10 3 5 7 m)(6 8 9 4 11 2))
Step no.51: ((1 10 3 5 7 2)(6 8 9 4 11 m))
Step no.52: ((1 10 3 5 7 2)(6 8 9 4 m 11))
Step no.53: ((1 10 3 5 7 2)(6 8 9 m 4 11))
Step no.54: ((1 10 3 5 7 2)(6 8 m 9 4 11))
Step no.55: ((1 10 3 5 7 2)(6 m 8 9 4 11))
Step no.56: ((1 10 3 5 7 2)(m 6 8 9 4 11))
Step no.57: ((m 10 3 5 7 2)(1 6 8 9 4 11))
Step no.58: ((10 m 3 5 7 2)(1 6 8 9 4 11))
Step no.59: ((10 3 m 5 7 2)(1 6 8 9 4 11))
Step no.60: ((10 3 5 m 7 2)(1 6 8 9 4 11))
Step no.61: ((10 3 5 9 7 2)(1 6 8 m 4 11))
Step no.62: ((10 3 5 9 7 2)(1 6 m 8 4 11))
Step no.63: ((10 3 5 9 7 2)(1 m 6 8 4 11))
Step no.64: ((10 m 5 9 7 2)(1 3 6 8 4 11))
Step no.65: ((10 5 m 9 7 2)(1 3 6 8 4 11))
Step no.66: ((10 5 9 m 7 2)(1 3 6 8 4 11))
Step no.67: ((10 5 9 8 7 2)(1 3 6 m 4 11))
Step no.68: ((10 5 9 8 7 2)(1 3 m 6 4 11))
Step no.69: ((10 5 9 8 7 2)(1 m 3 6 4 11))
Step no.70: ((10 5 9 8 7 2)(m 1 3 6 4 11))
Step no.71: ((m 5 9 8 7 2)(10 1 3 6 4 11))
Step no.72: ((5 m 9 8 7 2)(10 1 3 6 4 11))
Step no.73: ((5 1 9 8 7 2)(10 m 3 6 4 11))
Step no.74: ((5 1 9 8 7 2)(10 3 m 6 4 11))
Step no.75: ((5 1 m 8 7 2)(10 3 9 6 4 11))
Step no.76: ((5 m 1 8 7 2)(10 3 9 6 4 11))
Step no.77: ((5 3 1 8 7 2)(10 m 9 6 4 11))
Step no.78: ((5 3 1 8 7 2)(10 9 m 6 4 11))
Step no.79: ((5 3 1 8 7 2)(10 9 6 m 4 11))
Step no.80: ((5 3 1 m 7 2)(10 9 6 8 4 11))
Step no.81: ((5 3 m 1 7 2)(10 9 6 8 4 11))
Step no.82: ((5 3 6 1 7 2)(10 9 m 8 4 11))
Step no.83: ((5 3 6 1 7 2)(10 m 9 8 4 11))
Step no.84: ((5 3 6 1 7 2)(m 10 9 8 4 11))
Step no.85: ((m 3 6 1 7 2)(5 10 9 8 4 11))
Step no.86: ((3 m 6 1 7 2)(5 10 9 8 4 11))
Step no.87: ((3 10 6 1 7 2)(5 m 9 8 4 11))
Step no.88: ((3 10 6 1 7 2)(5 9 m 8 4 11))
Step no.89: ((3 10 m 1 7 2)(5 9 6 8 4 11))
Step no.90: ((3 m 10 1 7 2)(5 9 6 8 4 11))
Step no.91: ((m 3 10 1 7 2)(5 9 6 8 4 11))
Step no.92: ((5 3 10 1 7 2)(m 9 6 8 4 11))
Step no.93: ((5 3 10 1 7 2)(9 m 6 8 4 11))
Step no.94: ((5 m 10 1 7 2)(9 3 6 8 4 11))
Step no.95: ((5 10 m 1 7 2)(9 3 6 8 4 11))
Step no.96: ((5 10 6 1 7 2)(9 3 m 8 4 11))
Step no.97: ((5 10 6 1 7 2)(9 m 3 8 4 11))
Step no.98: ((5 10 6 1 7 2)(m 9 3 8 4 11))
Step no.99: ((m 10 6 1 7 2)(5 9 3 8 4 11))
Step no.100: ((10 m 6 1 7 2)(5 9 3 8 4 11))
Step no.101: ((10 6 m 1 7 2)(5 9 3 8 4 11))
Step no.102: ((10 6 3 1 7 2)(5 9 m 8 4 11))
Step no.103: ((10 6 3 1 7 2)(5 m 9 8 4 11))
Step no.104: ((10 m 3 1 7 2)(5 6 9 8 4 11))
Step no.105: ((m 10 3 1 7 2)(5 6 9 8 4 11))
Step no.106: ((5 10 3 1 7 2)(m 6 9 8 4 11))
Step no.107: ((5 10 3 1 7 2)(6 m 9 8 4 11))
Step no.108: ((5 10 3 1 7 2)(6 9 m 8 4 11))
Step no.109: ((5 10 3 1 7 2)(6 9 8 m 4 11))
Step no.110: ((5 10 3 1 7 2)(6 9 8 4 m 11))
Step no.111: ((5 10 3 1 7 2)(6 9 8 4 11 m))
Step no.112: ((5 10 3 1 7 m)(6 9 8 4 11 2))
Step no.113: ((5 10 3 1 m 7)(6 9 8 4 11 2))
Step no.114: ((5 10 3 m 1 7)(6 9 8 4 11 2))
Step no.115: ((5 10 3 4 1 7)(6 9 8 m 11 2))
Step no.116: ((5 10 3 4 1 7)(6 9 8 11 m 2))
Step no.117: ((5 10 3 4 1 7)(6 9 8 11 2 m))
Step no.118: ((5 10 3 4 1 m)(6 9 8 11 2 7))
Step no.119: ((5 10 3 4 m 1)(6 9 8 11 2 7))
Step no.120: ((5 10 3 4 2 1)(6 9 8 11 m 7))
Step no.121: ((5 10 3 4 2 1)(6 9 8 m 11 7))
Step no.122: ((5 10 3 4 2 1)(6 9 m 8 11 7))
Step no.123: ((5 10 3 4 2 1)(6 m 9 8 11 7))
Step no.124: ((5 m 3 4 2 1)(6 10 9 8 11 7))
Step no.125: ((5 3 m 4 2 1)(6 10 9 8 11 7))
Step no.126: ((5 3 4 m 2 1)(6 10 9 8 11 7))
Step no.127: ((5 3 4 8 2 1)(6 10 9 m 11 7))
Step no.128: ((5 3 4 8 2 1)(6 10 m 9 11 7))
Step no.129: ((5 3 m 8 2 1)(6 10 4 9 11 7))
Step no.130: ((5 m 3 8 2 1)(6 10 4 9 11 7))
Step no.131: ((5 10 3 8 2 1)(6 m 4 9 11 7))
Step no.132: ((5 10 3 8 2 1)(6 4 m 9 11 7))
Step no.133: ((5 10 3 8 2 1)(6 4 9 m 11 7))
Step no.134: ((5 10 3 8 2 1)(6 4 9 11 m 7))
Step no.135: ((5 10 3 8 2 1)(6 4 9 11 7 m))
Step no.136: ((5 10 3 8 2 m)(6 4 9 11 7 1))
Step no.137: ((5 10 3 8 m 2)(6 4 9 11 7 1))
Step no.138: ((5 10 3 8 7 2)(6 4 9 11 m 1))
Step no.139: ((5 10 3 8 7 2)(6 4 9 m 11 1))
Step no.140: ((5 10 3 m 7 2)(6 4 9 8 11 1))
Step no.141: ((5 10 3 7 m 2)(6 4 9 8 11 1))
Step no.142: ((5 10 3 7 2 m)(6 4 9 8 11 1))
Step no.143: ((5 10 3 7 2 1)(6 4 9 8 11 m))
Step no.144: ((5 10 3 7 2 1)(6 4 9 8 m 11))
Step no.145: ((5 10 3 7 m 1)(6 4 9 8 2 11))
Step no.146: ((5 10 3 m 7 1)(6 4 9 8 2 11))
Step no.147: ((5 10 3 8 7 1)(6 4 9 m 2 11))
Step no.148: ((5 10 3 8 7 1)(6 4 9 2 m 11))
Step no.149: ((5 10 3 8 7 1)(6 4 9 2 11 m))
Step no.150: ((5 10 3 8 7 m)(6 4 9 2 11 1))
Step no.151: ((5 10 3 8 m 7)(6 4 9 2 11 1))
Step no.152: ((5 10 3 m 8 7)(6 4 9 2 11 1))
Step no.153: ((5 10 3 2 8 7)(6 4 9 m 11 1))
Step no.154: ((5 10 3 2 8 7)(6 4 9 11 m 1))
Step no.155: ((5 10 3 2 m 7)(6 4 9 11 8 1))
Step no.156: ((5 10 3 2 7 m)(6 4 9 11 8 1))
Step no.157: ((5 10 3 2 7 1)(6 4 9 11 8 m))
Step no.158: ((5 10 3 2 7 1)(6 4 9 11 m 8))
Step no.159: ((5 10 3 2 7 1)(6 4 9 m 11 8))
Step no.160: ((5 10 3 2 7 1)(6 4 m 9 11 8))
Step no.161: ((5 10 3 2 7 1)(6 m 4 9 11 8))
Step no.162: ((5 10 3 2 7 1)(m 6 4 9 11 8))
Step no.163: ((m 10 3 2 7 1)(5 6 4 9 11 8))
Step no.164: ((10 m 3 2 7 1)(5 6 4 9 11 8))
Step no.165: ((10 6 3 2 7 1)(5 m 4 9 11 8))
Step no.166: ((10 6 3 2 7 1)(5 4 m 9 11 8))
Step no.167: ((10 6 m 2 7 1)(5 4 3 9 11 8))
Step no.168: ((10 m 6 2 7 1)(5 4 3 9 11 8))
Step no.169: ((m 10 6 2 7 1)(5 4 3 9 11 8))
Step no.170: ((5 10 6 2 7 1)(m 4 3 9 11 8))
Step no.171: ((5 10 6 2 7 1)(4 m 3 9 11 8))
Step no.172: ((5 10 6 2 7 1)(4 3 m 9 11 8))
Step no.173: ((5 10 6 2 7 1)(4 3 9 m 11 8))
Step no.174: ((5 10 6 2 7 1)(4 3 9 11 m 8))
Step no.175: ((5 10 6 2 m 1)(4 3 9 11 7 8))
Step no.176: ((5 10 6 m 2 1)(4 3 9 11 7 8))
Step no.177: ((5 10 m 6 2 1)(4 3 9 11 7 8))
Step no.178: ((5 10 9 6 2 1)(4 3 m 11 7 8))
Step no.179: ((5 10 9 6 2 1)(4 3 11 m 7 8))
Step no.180: ((5 10 9 m 2 1)(4 3 11 6 7 8))
Step no.181: ((5 10 9 2 m 1)(4 3 11 6 7 8))
Step no.182: ((5 10 9 2 7 1)(4 3 11 6 m 8))
Step no.183: ((5 10 9 2 7 1)(4 3 11 m 6 8))
Step no.184: ((5 10 9 2 7 1)(4 3 m 11 6 8))
Step no.185: ((5 10 9 2 7 1)(4 m 3 11 6 8))
Step no.186: ((5 m 9 2 7 1)(4 10 3 11 6 8))
Step no.187: ((5 9 m 2 7 1)(4 10 3 11 6 8))
Step no.188: ((5 9 3 2 7 1)(4 10 m 11 6 8))
Step no.189: ((5 9 3 2 7 1)(4 10 11 m 6 8))
Step no.190: ((5 9 3 m 7 1)(4 10 11 2 6 8))
Step no.191: ((5 9 m 3 7 1)(4 10 11 2 6 8))
Step no.192: ((5 m 9 3 7 1)(4 10 11 2 6 8))
Step no.193: ((5 10 9 3 7 1)(4 m 11 2 6 8))
Step no.194: ((5 10 9 3 7 1)(4 11 m 2 6 8))
Step no.195: ((5 10 m 3 7 1)(4 11 9 2 6 8))
Step no.196: ((5 10 3 m 7 1)(4 11 9 2 6 8))
Step no.197: ((5 10 3 2 7 1)(4 11 9 m 6 8))
Step no.198: ((5 10 3 2 7 1)(4 11 m 9 6 8))
Step no.199: ((5 10 3 2 7 1)(4 m 11 9 6 8))
Step no.200: ((5 10 3 2 7 1)(m 4 11 9 6 8))
Step no.201: ((m 10 3 2 7 1)(5 4 11 9 6 8))
Step no.202: ((10 m 3 2 7 1)(5 4 11 9 6 8))
Step no.203: ((10 4 3 2 7 1)(5 m 11 9 6 8))
Step no.204: ((10 4 3 2 7 1)(5 11 m 9 6 8))
Step no.205: ((10 4 m 2 7 1)(5 11 3 9 6 8))
Step no.206: ((10 m 4 2 7 1)(5 11 3 9 6 8))
Step no.207: ((m 10 4 2 7 1)(5 11 3 9 6 8))
Step no.208: ((5 10 4 2 7 1)(m 11 3 9 6 8))
Step no.209: ((5 10 4 2 7 1)(11 m 3 9 6 8))
Step no.210: ((5 m 4 2 7 1)(11 10 3 9 6 8))
Step no.211: ((5 4 m 2 7 1)(11 10 3 9 6 8))
Step no.212: ((5 4 3 2 7 1)(11 10 m 9 6 8))
Step no.213: ((5 4 3 2 7 1)(11 m 10 9 6 8))
Step no.214: ((5 m 3 2 7 1)(11 4 10 9 6 8))
Step no.215: ((5 3 m 2 7 1)(11 4 10 9 6 8))
Step no.216: ((5 3 10 2 7 1)(11 4 m 9 6 8))
Step no.217: ((5 3 10 2 7 1)(11 4 9 m 6 8))
Step no.218: ((5 3 10 m 7 1)(11 4 9 2 6 8))
Step no.219: ((5 3 m 10 7 1)(11 4 9 2 6 8))
Step no.220: ((5 m 3 10 7 1)(11 4 9 2 6 8))
Step no.221: ((5 4 3 10 7 1)(11 m 9 2 6 8))
Step no.222: ((5 4 3 10 7 1)(11 9 m 2 6 8))
Step no.223: ((5 4 m 10 7 1)(11 9 3 2 6 8))
Step no.224: ((5 4 10 m 7 1)(11 9 3 2 6 8))
Step no.225: ((5 4 10 2 7 1)(11 9 3 m 6 8))
Step no.226: ((5 4 10 2 7 1)(11 9 m 3 6 8))
Step no.227: ((5 4 10 2 7 1)(11 m 9 3 6 8))
Step no.228: ((5 m 10 2 7 1)(11 4 9 3 6 8))
Step no.229: ((5 10 m 2 7 1)(11 4 9 3 6 8))
Step no.230: ((5 10 2 m 7 1)(11 4 9 3 6 8))
Step no.231: ((5 10 2 3 7 1)(11 4 9 m 6 8))
Step no.232: ((5 10 2 3 7 1)(11 4 9 6 m 8))
Step no.233: ((5 10 2 3 7 1)(11 4 9 6 8 m))
Step no.234: ((5 10 2 3 7 m)(11 4 9 6 8 1))
Step no.235: ((5 10 2 3 m 7)(11 4 9 6 8 1))
Step no.236: ((5 10 2 3 8 7)(11 4 9 6 m 1))
Step no.237: ((5 10 2 3 8 7)(11 4 9 m 6 1))
Step no.238: ((5 10 2 m 8 7)(11 4 9 3 6 1))
Step no.239: ((5 10 2 8 m 7)(11 4 9 3 6 1))
Step no.240: ((5 10 2 8 7 m)(11 4 9 3 6 1))
Step no.241: ((5 10 2 8 7 1)(11 4 9 3 6 m))
Step no.242: ((5 10 2 8 7 1)(11 4 9 3 m 6))
Step no.243: ((5 10 2 8 7 1)(11 4 9 m 3 6))
Step no.244: ((5 10 2 m 7 1)(11 4 9 8 3 6))
Step no.245: ((5 10 m 2 7 1)(11 4 9 8 3 6))
Step no.246: ((5 10 9 2 7 1)(11 4 m 8 3 6))
Step no.247: ((5 10 9 2 7 1)(11 4 8 m 3 6))
Step no.248: ((5 10 9 2 7 1)(11 4 8 3 m 6))
Step no.249: ((5 10 9 2 m 1)(11 4 8 3 7 6))
Step no.250: ((5 10 9 m 2 1)(11 4 8 3 7 6))
Step no.251: ((5 10 9 3 2 1)(11 4 8 m 7 6))
Step no.252: ((5 10 9 3 2 1)(11 4 m 8 7 6))
Step no.253: ((5 10 m 3 2 1)(11 4 9 8 7 6))
Step no.254: ((5 10 3 m 2 1)(11 4 9 8 7 6))
Step no.255: ((5 10 3 2 m 1)(11 4 9 8 7 6))
Step no.256: ((5 10 3 2 7 1)(11 4 9 8 m 6))
Step no.257: ((5 10 3 2 7 1)(11 4 9 8 6 m))
Run time = 1137ms

